 

ineius - 11515 13

’155155 15155 155155 211. 355115 nom. plur. 56 51.
1515151551 355. plur. 51. 3551111515151511151...4551...280. ¹
, 15151155511515 5551. 55511511, ne· 35515130.
dnm 1. 51302. quod genus 110 (551) 85.
1515515155 15155392. 355155 54.
fraudem - 11511515 85. Gerundirum 55555123 555155
tremibundus 23. . 55 515156151515 236.
11515 5551 369. 31555 - 315515 216.
111351551551 192. 31111555 35 36.
111351551515 191. 31511155 54.
1113115115 412. 01155111 5551. 406.
111135)1113155111155 55. 31555515555515 5515 graecis litteris
11131115 5515 261. scribenda 5151 212 31. 555 551115
1 rudens - 1 15511515 85. curiosius scribimus quum veteres 5115
’115315 555. plur. 51. tempore dixerunt 311. ,
.111“15155 (1) 55. 155151111281 35551. 1511321
15555 114. 5515111149 3155555 diphthongi 5515-
1535115204. 555155 159.
1111155 55. 3155355- greges 339.
1513515,55515135,15 1155515 310 01511535555, 1151153555541.
361. (Graius) (115111 Graj Grejs 152
151351,15135192 359. 0151510151151015111311(11515
151155 - 151155 312. 15 51151555 1631
1115515555. 315115 219.
151155 - 151155 312. 31511115 nubes 365.
3151155515. plur. 51.
G· 31531555551551 51 3155355 339.
3 pro 5, 5 pro 3 148. 3555155 108.
Gabi 252. · gynaeceum 159.
351115555515 36.
Ganymedi 551. 50. · Ι fl·
(15115515. 405. ' b omissum-‘in 51115515 116 55511
geminus quid 511212. 411 551115 555115 295 5511, 551
· gemiti gen. 361. (55511)156118115155309555-
3555511515. lare 110 515 281 511515, 51151
35551511515. 420 55115 281 55115515 116
genetivus 15 genetiuis 55115 15. 115515116 51551316 transpositum
0555111111551191151244064) , 15 1111511515 116.
1-11326 11155 396 1515-51551 55555115 212. ,
1v 555396 515141 V 51 eii 151. 1155555 - 115555 339.
3551511515. · haedus 143.
¹ genitalis 15. haesit 55511411. ,
3551151 15. 55511 - 5511, 551 156 118.
genitrix? 15. haurire - 551115 295.
35511515 15. 5515 15 elisione, 51 de queniitete 163.

 

