Lueretius ο 41

37 296, 41 19, 51 176, 58146,
71 290, 80 262, 82 298, 8519,
96 350, 99 392, 104275, 111100,
184, 220, 11219, 119298, 126
353, 130364, 135220, 14726,
153 354, 390, 156 298, 180 27,
181 58, 183 148, 185 27, 186298,
399, 204296, 210 120, 298, 211 sq.
332, 212 284, 215286, 228303,
230 244, 234 41, 235296, 242
151, 157, 251 19, 25619, 260334,
263 286; 266 27, 281378, 28319,
290 86, 291 41, 305298, 306 201,
298, 356, 372, 307 19, 309 121,
377, 312 212, 326 374, 343338,
354 325, 355 42, 39141, 396298,
406 19, 407 286, 411 78, 17, 415
19, 426 25, 35; 437 35; 448298,
449298, 45319, 454 325, 455
335, 465 41, 148, 467 220, 488
210, 489 362, 508 18, 514 113;
52335, 52735, 535286, 549 5,
550 5, 555 139; 559151, 562 335,
564 85, 560352, 580298, 58842,
275, 613 287, 627 24, 633 132,
636 46; 648 375, 655 357, 665
378, 66758, 296, 687169, 689
393, 690 335, 714296, 718 335,

“ 722 383, 734 427, 737 41, 739

147, 74545, 14944, 63365411,
mwfflwwmmfflum
wmfflmwfflmffiae
mmmmmwwm
ffiuwoemfflwmw
awmmwmmmffi;
QOwmwfflwe;
9w½mmwfflwm1
mmmmmmmwm;
lfflffimmmmww
mmmmmfflmww
ssmwwfflmwmw
mmmwmwfflwm
5
unwmwwmfflm
ffimnwmfflmffiaeffl;

wQfflQoeffifflm;
73 113, 335, 74419, 79 210, 82
148, 87313, 88 262, 9478, 95
261, 99 30, 355, 412, 101 137,
106 166, 128 29855, 141300, 152
30, 166286, 169 352,· 179296,
mmmwvmffim
170, 20187, 298, 216 258, 217
375, 218 380, 229 48, 241 375,
245298, 24787, 248331, 375,
249 19, 261298, 26587 270114
275177, 279177, 28727, 289
397, 309110, 319148, 322196,
338 313, 342 133, 351298, 365
299, 367 143, 371 214, 342, 388
419, 399 75, 401 327, 40218, 97,
411420, 416 378, 417170, 420
378, 429 298, 446 303, 447 29885, .
44943, 451 293, 455 97, 458 97,
fflffimmffimmmn
467 352, 468 24, 469 120, 476
395, 498 45, 502 78, 508 78, 517
369, 518293, 314, 522 425, 525
298, 544 19, 548 155, 549 220,
551 298, 562 19, 563 71, 569 250,
581 258, 588 268, 593 383, 597
38, 608 78; 611110, 630110, 632
343,’646 20, 652 317, 66319,114,
666 19, 673 151, 678 113,’151,
ψωωωψωωω,
710 78, 120, 719 73, 721 288, 726
292, 727 45, 745 114, 747 156,
750 156, 75347, 759 296, 780 92,
196, 799 44, 800 310, 805 148,
809 78, 814 135, 821 292, 824
143, 827176, 829102, 83319,
845114, 850331, 872189, 875
30, 881 381, 88778, 891258, 897
30, 909 78, 918381, 929189, 930
296, 932296, 941 140, 949 1281
951 299, 96278, 975 203, 983287,
986296, 991 193, 1000 186, 1001
303, 101278, 1017 331, 419, ,1020
292, 102378, 1024 242, 376, 1038
275, 1050114, 1061 192, 291,414,’

 

