252 55515555

222 22 2222222222.
222 22 222222.
222 22 2222222222.
15 515 505 20222222 2222222222 22 22222222 22 22222222
202222 22222.
1151 55011050 505151555155555 222 55055510121510.
2222 05555550555555511555115555515115511551’55155
2222 22222 2222022222 2222222 2222222222 222.
2222 555151515515 22 222222 2222222
222. v 22222222, 2222222 222. 22.
22, . 5515505555510555 515 2222222222 2222222, 2222 22222
22 222 222022222222 50151011551555 50555155515.
22 22 2022222.
222 22 55155115.
222 15 5551555 2222222 222222 222222.
222 22 22222222.
222 15515 22 55151555515151.
222 22222222 22 0555510515555551555 22 2222 22222.
222 22 2022222222 22 222222 220222,
222 22222220 222222 22222222 22 20222222 22222.
222 22 5551555.
222 2222222222 222222.
455 55 22222222.
222 22 22220.
222 22 222222 220222. ι,
222 22222 22222 222222 505 2222.
222 22 22222.
222 22 5110 515510.
222 22 2222 222222.
222 22222222 22222222 22 222222 22222222 202 2222.
222 15 22222 2222222222.
222 555 2222 22 2222222 2222222202 222 2222222.
222 22 20222 22 2222222222.
222 15 2222 2222222 222222.
222 22 20222 22222 15 22222.
.. . 22 222222 22222222.
222 22222222 0551555 22222.
22222 222 022222 5555.
1050 2222222222 22222 22222222.
2222 22 2222222222 2222222222.
2222 22222222 2222
22 222222 2222222
,22222 51 22222222
2222222222.

 

