250 CNPNTULN

444 88 40444 848484.
448 44044848 8888 8444448.
480 48 48884 488484 488084.
048 88 84488 84084.
048 40 84848408 4444 40848408.
480 808 8808884840 4484 Nx 44848 8444804888 848444.
408 0040888 808 8888.
804 88 004088 0048884888.
808 88 044484 8480848.
844 440808 880 00404488 880 080888 880 844-
088 880 8840448 880 0440888 848888.
888 88 488888444 8888448 04084.
4048 0888 4884844448 48 08848 848448.
4008 484808 8448808.
4404 84488448 844448, 84 8444408 8484448.
4444 44888888 84488448, 84 08844 8884444 84804.
4444 44408844 0484 DN 888448 8444484
44888 8 88844044, 4804844 44888 444.
444, 44 8084888 808488 848488 448888,
04 DN 48484 84 484848 8444484 8888440448.
488 4848448 84 484848 088408044 4888.
484 88 8084444448 48484.
448 4884448 484848 8888 888488.
444 04448448 8488 808488 488448.
484 0084080440 48484 84 48484808.
488 DN 848484448 48484.
800 DN 888844 00880848 84 484444,
844 008484 8880084488 DN 48480 84 48844.
840 0088448 808 8884488 888 88 8488 48484 80444.
444 484848 8444848 84 80844488 8888.
440 484888 84 0088448 848444 84804 84 08480888
84 848444 48488488.
844 DN 88884888 484848 84 48484.
444 848 844444 484848 808 8888 88484448.
848 04448 48 4888808 84048488, 84 444448 84444 8888.
4444 44408844 0484 DN 888448 8444484
448. 444 48844044,
4804844 44888 04448488.
48, 4 8484 8088888808 8888 04408 044848 444088 808-
44448. 08488844.
40 88 8488440848,
08 88 4840484888.
448 04448 844484 8484 48484444.
... 8888 4488 844084.
484 88 88848448 [84 8484444084 040844
448 84 0848844448 [88444440808448]Ι
... 440444 848884.
480 444484 8880444448 088 8488444444.
448 840888 48404888 0448 84484.
844 844 48888848 48 44408 04448 8484 848884,
[84 8448448 Nx 44408 04448 84484 48 48888848 8484444

808 80888]
888 88 4448848448.
884 88 448884 8084848.

 

