Ω .

1081 381 1112 781 1114 3771 1115
3151 1116 731 3071 11193811 1122
3821 1125 1411 1128 3811 1133
1481 11354031 11371813491 1164
165.

111 7 3341 3421 154161 164281
254191 29 3811 4201 34 2621 39

. 1551 39 2941 131781 58 111131

13, 31113 14104, 9319, 94
993, 91944, 100145, 990, 934,
103194, 119191, 191303, 130
110, 139 49, 133 313 133113
113 111, 144111, 141103, 139
133, 133 309, 139149, 111393,
111 40, 133 911, 191419, 191
909, 199 419, 199 349, 903191,
934, 901999, 911190, 99190,
999104, 993 990, 994, 934 990,
939 113 113113 133113 133
135, 901909, 901 909, ’133 113,
994 391, 999 119, 991 490 999
333 303134, 900 104, 301391,
, 311349, 311910, 313 133, 399

919, 330150, 113 331 399, 339
914, 313 113 340 313, 341991,
, 333 419, 309 490, 319104; 311
91, 111, 190, 900, 399104, 399
199, 395 413, 3331313313 409

1861 4123451 4153251 4191171
427 1761 431 861 4333251440 3501
4561761 4821331 4971451 504
371 507 2261 511 1711 5131281
514 1441 518 471 526 1751 2101
534 1441 536 4191 5391211 543
24· 555 3501566 3671569 181
574 71 581 1731 59786 601372·
612 4131 616 1731 620 3343 623
310162415916271491640419
644 3341 6541651 1751 656 2811
667 1811 668 1031 670 191 672
3751 675 1861 676 481 1831 678
4271 682 1561 683181 7031411
706 1511 710 251 713191 7154131
715 4131 733 3521 743 3451 759
1951 771 1951 775 181 2791 776

Lucretius

1151 7773371 7872811 789 2821
796 241 798 3331 805 1831 809
34213691 814 2891 8161061 824
1471 828311. 3671838191 1861840
1561 845 1351 850641 8521881
8531941 863 1351 866 1201 872
3921 879 1491 886 871 893 3601
901 3751 902871 905 1831 906
409141914201 917 2781 918 1691
936 731 3501 937 411942 2541 944
1071 949 1831 954 2031 3371959
1871 962 1141 970 2861 988 321
986 2101 1001 1441 1011 30, 1015
3312981 10171401 1020 3471 1021
2031 1023 3251 1025 ’1481 2221 1031
33914251 1035 2221 10363671 1055
3921 10684191 10691561 1071301
1076 34911079 31311081 3151
1083 14811086 20111090 1551
1093 378.

1732951 7281192981 171351 .

2729613887 431511471441
531481771 54169· 57412 64

,1511 215, 65 114, 77355· 84114,

85 2151 86 20213761 88 300, 91
2961 97191 1021461 1032161 105
2151 116 2841 1192031 124 3411
126 4281 127 1771 1291771 130
2151 132 14511481 136 300, 150
411 163 2151 166 2231 181 1431
2001141 2031671 204 2171 212
3371 215 1861 216 4021 2293251
4031 231 1731 238 2621 244 1451
258 3041 2603711 263 2491 271
86127311412853671288 301355;
4031 291 3761 300 221 311 1811
314 2091 3151481 331 2191 333
1441 351 3351 357 1871 364 691
3691461 374 3031 3883601 395
1211 3601 404191 409 2221 411
4241 414 15014191 415 4241 428
2591 432 4161 439 1081 445 301
447 1691455251 464 3311 471 1331
472 1961 473 4191 483 871 495
1141 516 3971 517 191 5181751

 

